[0.176059,
0.140090,
0.369862,
0.068108,
0.815708,
0.059782,
0.041907,
0.488562,
0.015575,
0.225460,
0.287428,
0.071714,
0.617594,
0.112151,
0.012393,
0.005329,
0.032555,
0.041654,
0.019625,
0.154431,
0.070396,
0.070097,
0.020992,
0.068419,
0.700234,
0.238885,
0.438702,
0.466385,
0.003907,
0.097506,
0.062265,
0.120806,
0.023319,
0.050834,
0.037761,
0.813164,
0.147148,
0.119385,
0.013511,
0.109096,
0.060912,
0.510406,
0.157649,
0.430043,
0.131388,
0.128508,
0.080312,
0.016616,
0.095906,
0.566220,
0.037089,
0.159979,
0.026794,
0.438533,
0.055957,
0.040218,
0.278451,
0.087430,
0.219961,
0.038725,
0.015259,
0.604403,
0.197438,
0.078044,
0.819781,
0.241551,
0.599387,
0.880986]